i=100;
j=100;
A=0.5 * 10 * (1/sqrt((i-30)*(i-30)+(j-30)*(j-30))-1/10)*(1/sqrt((i-30)*(i-30)+(j-30)*(j-30))-1/10)